"Report (E3IV.csv)","E3IV.csv[00000]","E3IV.csv[00100]","E3IV.csv[00200]","E3IV.csv[00300]","E3IV.csv[00400]","E3IV.csv[00500]","E3IV.csv[00600]","E3IV.csv[00700]","E3IV.csv[00800]","E3IV.csv[00900]","E3IV.csv[01000]","E3IV.csv[01100]","E3IV.csv[01200]","E3IV.csv[01300]","E3IV.csv[01400]","E3IV.csv[01500]","E3IV.csv[01600]","E3IV.csv[01700]","E3IV.csv[01800]","E3IV.csv[01900]","E3IV.csv[02000]","E3IV.csv[02100]","E3IV.csv[02200]","E3IV.csv[02300]","E3IV.csv[02400]","E3IV.csv[02500]","E3IV.csv[02600]","E3IV.csv[02700]","E3IV.csv[02800]","E3IV.csv[02900]","E3IV.csv[03000]","E3IV.csv[03100]","E3IV.csv[03200]","E3IV.csv[03300]","E3IV.csv[03400]","E3IV.csv[03500]","E3IV.csv[03600]","E3IV.csv[03700]","E3IV.csv[03800]", , ,"E3IV.csv[04100]"
"Line(00048)", , , , , , ,"OTHER","COST CENTER","LINE #","SALARY","OTHER","Ref."
"Line(00049)", , ,"1","2","3","4","5","6","7","8","9","10"
"Line(00050)","1", , , , , , , , , , , ,"1"
"Line(00051)","2", , , , , , , , , , , ,"2"
"Line(00052)","3", , , , , , , , , , , ,"3"
"Line(00053)","4", , , , , , , , , , , ,"4"
"Line(00054)","5", , , , , , , , , , , ,"5"
"Line(00055)","6", , , , , , , , , , , ,"6"
"Line(00056)","7", , , , , , , , , , , ,"7"
"Line(00057)","8", , , , , , , , , , , ,"8"
"Line(00058)","9", , , , , , , , , , , ,"9"
"Line(00059)","10", , , , , , , , , , , ,"10"
"Line(00060)","11", , , , , , , , , , , ,"11"
"Line(00061)", ,"PART I - ANALYSIS OF CHANGES IN CAPITAL ASSET BALANCES"
"Line(00062)", , , , , ,"Acquisitions", , ,"Disposals", ,"Fully"
"Line(00063)", , , , ,"Beginning", , , ,"and","Ending","Depreciated"
"Line(00064)", , ,"Description", ,"Balances","Purchases","Donation","Total","Retirements","Balance","Assets"
"Line(00065)", , , , ,"1","2","3","4","5","6","7"
"Line(00066)","08-11", ,"FORM CMS-2552-10", , , , , ,"4090 (Cont.)"
"Line(00067)","ADJUSTMENTS TO EXPENSES", ,"PROVIDER CCN:", ,"PERIOD:", ,"WORKSHEET A-8"
"Line(00068)", , , , ,"FROM ____________"
"Line(00069)", , ,"________________", ,"TO _______________"
"Line(00071)", , , , ,"EXPENSE CLASSIFICATION ON"
"Line(00072)", ,"DESCRIPTION (1)", , ,"WORKSHEET A TO/FROM WHICH", , ,"Wkst."
"Line(00073)", , , , ,"THE AMOUNT IS TO BE ADJUSTED", , ,"A-7"
"Line(00074)", , ,"BASIS/CODE (2)","AMOUNT","COST CENTER", ,"LINE #","Ref."
"Line(00075)", , ,"1","2","3", ,"4","5"
"Line(00076)","1","Investment income - buildings and fixtures (chapter 2)", , ,"Buildings and Fixtures", ,"1", ,"1"
"Line(00077)","2","Investment income - movable equipment (chapter 2)", , ,"Movable Equipment", ,"2", ,"2"
"Line(00078)","3","Investment income - other (chapter 2)", , , , , , ,"3"
"Line(00079)","4","\" Trade","quantity","and time discounts (chapter 8)\"", , , , , , ,"4"
"Line(00080)","5","Refunds and rebates of expenses (chapter 8)", , , , , , ,"5"
"Line(00081)","6","Rental of provider space by suppliers (chapter 8)", , , , , , ,"6"
"Line(00082)","7","Telephone services (pay stations excluded) (chapter 21)", , , , , , ,"7"
"Line(00083)","8","Television and radio service (chapter 21)", , , , , , ,"8"
"Line(00084)","9","Parking lot (chapter 21)", , , , , , ,"9"
"Line(00085)","10","Provider-based physician adjustment","Worksheet A-8-2", , , , , ,"10"
"Line(00086)","11","\" Sale of scrap","waste","etc. (chapter 23)\"", , , , , , ,"11"
"Line(00087)","12","Related organization transactions (chapter 10)","Worksheet A-8-1", , , , , ,"12"
"Line(00088)","13","Laundry and linen service", , , , , , ,"13"
"Line(00089)","14","Cafeteria-employees and guests", , , , , , ,"14"
"Line(00090)","15","Rental of quarters to employee and others", , , , , , ,"15"
"Line(00091)","16","Sale of medical and surgical", , , , , , ,"16"
"Line(00092)", ,"supplies to other than patients"
"Line(00093)","17","Sale of drugs to other than patients", , , , , , ,"17"
"Line(00094)","18","Sale of medical records and abstracts", , , , , , ,"18"
"Line(00095)","19","\" Nursing school (tuition","fees","books","etc.)\"", , , , , , ,"19"
"Line(00096)","20","Vending machines", , , , , , ,"20"
"Line(00097)","21","\" Income from imposition of interest","\"", , , , , , ,"21"
"Line(00098)", ,"finance or penalty charges (chapter 21)"
"Line(00099)","22","Interest expense on Medicare overpayments and", , , , , , ,"22"
"Line(00100)", ,"borrowings to repay Medicare overpayments"
"Line(00101)","23","Adjustment for respiratory therapy", , , , , , ,"23"
"Line(00102)", ,"costs in excess of limitation (chapter 14)","Worksheet A-8-3", ,"Respiratory Therapy", ,"65"
"Line(00103)","24","Adjustment for physical therapy costs", , , , , , ,"24"
"Line(00104)", ,"in excess of limitation (chapter 14)","Worksheet A-8-3", ,"Physical Therapy", ,"66"
"Line(00105)","25"
"Line(00128)", , , ,"Remuneration","Component","Component","Amount","Component Hours","RCE Limit","RCE Limit"
"Line(00129)", ,"1","2","3","4","5","6","7","8","9"
"Line(00130)","1", , , , , , , , , ,"1"
"Line(00131)","2", , , , , , , , , ,"2"
"Line(00132)","3", , , , , , , , , ,"3"
"Line(00133)","4", , , , , , , , , ,"4"
"Line(00134)","5", , , , , , , , , ,"5"
"Line(00135)","6", , , , , , , , , ,"6"
"Line(00136)","7", , , , , , , , , ,"7"
"Line(00137)","4090 (Cont.)", , ,"FORM CMS-2552-10", , , , ,"08-11"
"Line(00138)","REASONABLE COST DETERMINATION FOR THERAPY SERVICES", , , , ,"PROVIDER CCN:","PERIOD:","\" WORKSHEET A-8-3","\""
"Line(00139)","FURNISHED BY OUTSIDE SUPPLIERS", , , , , ,"FROM ____________","PARTS I & II"
"Line(00140)", , , , , ,"________________","TO _______________"
"Line(00141)","Check applicable box:", ,"[ ] Occupational          [ ] Physical          [ ] Respiratory          [ ] Speech Pathology"
"Line(00143)","PART I - GENERAL INFORMATION"
"Line(00144)","1","Total number of weeks worked (excluding aides) (see instructions)", , , , , , ,"1"
"Line(00145)","2","Line 1 multiplied by 15 hours per week", , , , , , ,"2"
"Line(00146)","3","Number of unduplicated days in which supervisor or therapist was on provider site (see instructions)", , , , , , ,"3"
"Line(00147)","4","Number of unduplicated days in which therapy assistant was on provider site but neither supervisor nor therapist was on provider site (see instructions)", , , , , , ,"4"
"Line(00148)","5","Number of unduplicated offsite visits - supervisors or therapists (see instructions)", , , , , , ,"5"
"Line(00149)","6","Number of unduplicated offsite visits - therapy assistants (include only visits made by therapy assistant and on which", , , , , , ,"6"
"Line(00150)", ,"supervisor and/or therapist was not present during the visit(s)) (see instructions)"
"Line(00151)","7","Standard travel expense rate", , , , , , ,"7"
"Line(00152)","8","Optional travel expense rate per mile", , , , , , ,"8"
"Line(00153)", , , ,"Supervisors","dcr","Assistants","Aides","Trainees"
"Line(00154)", , , ,"1","2","3","4","5"
"Line(00155)","9","Total hours worked", , , , , , ,"9"
"Line(00156)","10","AHSEA (see instructions)", , , , , , ,"10"
"Line(00157)","11","\" Standard travel allowance (columns 1 and 2","one-half of column 2","\"", , , , , , ,"11"
"Line(00158)", ,"\"  line 10; column 3","one-half of column 3","line 10)\""
"Line(00159)","12","Number of travel hours (see instructions)", , , , , , ,"12"
"Line(00160)","13","Number of miles driven (see instructions)", , , , , , ,"13"
"Line(00161)","08-11", , , ,"FORM CMS-2552-10", , , , , ,"4090 (Cont.)","4090 (Cont.)", , , ,"FORM CMS-2552-10", , , , , , , ,"08-11","08-11", , , ,"FORM CMS-2552-10", , , , , , ,"4090 (Cont.)"
"Line(00162)","COST ALLOCATION - STATISTICAL BASIS", , , , ,"PROVIDER CCN:", ,"PERIOD:", ,"WORKSHEET B-1", ,"COST ALLOCATION - STATISTICAL BASIS", , , , , , ,"PROVIDER CCN:", ,"PERIOD:", ,"WORKSHEET B-1", ,"COST ALLOCATION - STATISTICAL BASIS", , , , , ,"PROVIDER CCN:", ,"PERIOD:", ,"WORKSHEET B-1"
"Line(00163)", , , , , , , ,"FROM ____________", , , , , , , , , , , , ,"FROM ____________", , , , , , , , , , , ,"FROM ____________"
"Line(00164)", , , , , ,"________________", ,"TO _______________", , , , , , , , , , ,"________________", ,"TO _______________", , , , , , , , , ,"________________", ,"TO _______________"
"Line(00165)", , , ,"CAPITAL RELATED COST", , , ,"ADMINIS-","MAIN-", , , , ,"LAUNDRY", , , ,"MAIN-","NURSING","CENTRAL", ,"MEDICAL", , , , , ,"NON-", ,"INTERNS & RESIDENTS", ,"PARA-", ,"INTERN &"
"Line(00166)", , , ,"BLDGS. &","MOVABLE","EMPLOYEE", ,"TRATIVE &","TENANCE &","OPERATION", , , ,"& LINEN","HOUSE-", , ,"TENANCE OF","ADMINIS-","SERVICES &", ,"RECORDS &","SOCIAL", , , ,"OTHER","PHYSICIAN","NURSING","SALARY AND","PROGRAM","MEDICAL", ,"RESIDENT"
"Line(00167)", , , ,"FIXTURES","EQUIPMENT","BENEFITS", ,"GENERAL","REPAIRS","OF PLANT", , , ,"SERVICE","KEEPING","DIETARY","CAFETERIA","PERSONNEL","TRATION","SUPPLY","PHARMACY","LIBRARY","SERVICE", , , ,"GENERAL","ANES-","SCHOOL","FRINGES","COSTS","EDUCATION", ,"COST & POST"
"Line(00168)", ,"COST CENTER DESCRIPTIONS", ,"(SQUARE","(DOLLAR","(GROSS","RECONCIL-","(ACCUM.","(SQUARE","(SQUARE", , ,"COST CENTER DESCRIPTIONS","(POUNDS OF","(HOURS OF","(MEALS","(MEALS","(NUMBER","(DIRECT","(COSTED","(COSTED","(TIME","(TIME", , ,"COST CENTER DESCRIPTIONS","SERVICE","THETISTS","(ASSIGNED","(ASSIGNED","(ASSIGNED","(ASSIGNED", ,"STEPDOWN"
"Line(00169)", , , ,"FEET)","VALUE)","SALARIES)","IATION","COST)","FEET)","FEET)", , , ,"LAUNDRY)","SERVICE)","SERVED)","SERVED)","HOUSED)","NURS. HRS)","REQUIS.)","REQUIS.)","SPENT)","SPENT)", , , ,"(SPECIFY)","(ASGND TIME)","TIME)","TIME)","TIME)","TIME)","SUBTOTAL","ADJUSTMENTS","TOTAL"
"Line(00170)", , , ,"1","2","4","5A","5","6","7", , , ,"8","9","10","11","12","13","14","15","16","17", , , ,"18","19","20","21","22","23","24","25","26"
"Line(00171)", ,"GENERAL SERVICE COST CENTERS", , , , , , , , , , ,"GENERAL SERVICE COST CENTERS", , , , , , , , , , , , ,"GENERAL SERVICE COST CENTERS"
"Line(00172)","1","Capital Related Costs-Buildings and Fixtures", , , , , , , , ,"1","1","Capital Related Costs-Buildings and Fixtures", , , , , , , , , , ,"1","1","Capital Related Costs-Buildings and Fixtures", , , , , , , , , ,"1"
"Line(00173)","2","Capital Related Costs-Movable Equipment", , , , , , , , ,"2","2","Capital Related Costs-Movable Equipment", , , , , , , , , , ,"2","2","Capital Related Costs-Movable Equipment", , , , , , , , , ,"2"
"Line(00174)","4","Employee Benefits", , , , , , , , ,"4","4","Employee Benefits", , , , , , , , , , ,"4","4","Employee Benefits", , , , , , , , , ,"4"
"Line(00175)","5","Administrative and General", , , , , , , , ,"5","5","Administrative and General", , , , , , , , , , ,"5","5","Administrative and General", , , , , , , , , ,"5"
"Line(00176)","6","Maintenance and Repairs", , , , , , , , ,"6","6","Maintenance and Repairs", , , , , , , , , , ,"6","6","Maintenance and Repairs", , , , , , , , , ,"6"
"Line(00177)","7","Operation of Plant", , , , , , , , ,"7","7","Operation of Plant", , , , , , , , , , ,"7","7","Operation of Plant", , , , , , , , , ,"7"
"Line(00178)","8","Laundry and Linen Service", , , , , , , , ,"8","8","Laundry and Linen Service", , , , , , , , , , ,"8","8","Laundry and Linen Service", , , , , , , , , ,"8"
"Line(00179)","9","Housekeeping", , , , , , , , ,"9","9","Housekeeping", , , , , , , , , , ,"9","9","Housekeeping", , , , , , , , , ,"9"
"Line(00180)","10","Dietary", , , , , , , , ,"10","10","Dietary", , , , , , , , , , ,"10","10","Dietary", , , , , , , , , ,"10"
"Line(00181)","11","Cafeteria", , , , , , , , ,"11","11","Cafeteria", , , , , , , , , , ,"11","11","Cafeteria", , , , , , , , , ,"11"
"Line(00182)","12","Maintenance of Personnel", , , , , , , , ,"12","12","Maintenance of Personnel", , , , , , , , , , ,"12","12","Maintenance of Personnel", , , , , , , , , ,"12"
"Line(00183)","13","Nursing Administration", , , , , , , , ,"13","13","Nursing Administration", , , , , , , , , , ,"13","13","Nursing Administration", , , , , , , , , ,"13"
"Line(00184)","14","Central Services and Supply", , , , , , , , ,"14","14","Central Services and Supply", , , , , , , , , , ,"14","14","Central Services and Supply", , , , , , , , , ,"14"
"Line(00185)","15","Pharmacy", , , , , , , , ,"15","15","Pharmacy", , , , , , , , , , ,"15","15","Pharmacy", , , , , , , , , ,"15"
"Line(00186)","16","Medical Records & Medical Records Library", , , , , , , , ,"16","16","Medical Records & Medical Records Library", , , , , , , , , , ,"16","16","Medical Records & Medical Records Library", , , , , , , , , ,"16"
"Line(00187)","17","Social Service", , , , , , , , ,"17","17","Social Service", , , , , , , , , , ,"17","17","Social Service", , , , , , , , , ,"17"
"Line(00188)","18","Other General Service (specify)", , , , , , , , ,"18","18","Other General Service (specify)", , , , , , , , , , ,"18","18","Other General Service (specify)", , , , , , , , , ,"18"
"Line(00189)","19","Nonphysician Anesthetists", , , , , , , , ,"19","19","Nonphysician Anesthetists", , , , , , , , , , ,"19","19","Nonphysician Anesthetists", , , , , , , , , ,"19"
"Line(00190)","20","Nursing School", , , , , , , , ,"20","20","Nursing School", , , , , , , , , , ,"20","20","Nursing School", , , , , , , , , ,"20"
"Line(00191)","21","Intern & Res. Service-Salary & Fringes (Approved)", , , , , , , , ,"21","21","Intern & Res. Service-Salary & Fringes (Approved)", , , , , , , , , , ,"21","21","Intern & Res. Service-Salary & Fringes (Approved)", , , , , , , , , ,"21"
"Line(00192)","22","Intern & Res. Other Program Costs (Approved)", , , , , , , , ,"22","22","Intern & Res. Other Program Costs (Approved)", , , , , , , , , , ,"22","22","Intern & Res. Other Program Costs (Approved)", , , , , , , , , ,"22"
"Line(00193)","23","Paramedical Education Program (specify)", , , , , , , , ,"23","23","Paramedical Education Program (specify)", , , , , , , , , , ,"23","23","Paramedical Education Program (specify)", , , , , , , , , ,"23"
"Line(00194)", ,"INPATIENT ROUTINE SERVICE COST CENTERS", , , , , , , , , , ,"INPATIENT ROUTINE SERVICE COST CENTERS", , , , , , , , , , , , ,"INPATIENT ROUTINE SERVICE COST CENTERS"
"Line(00195)","30","Adults and Pediatrics (General Routine Care)", , , , , , , , ,"30","30","Adults and Pediatrics (General Routine Care)", , , , , , , , , , ,"30","30","Adults and Pediatrics (General Routine Care)", , , , , , , , , ,"30"
"Line(00196)","31","Intensive Care Unit", , , , , , , , ,"31","31","Intensive Care Unit", , , , , , , , , , ,"31","31","Intensive Care Unit", , , , , , , , , ,"31"
"Line(00197)","32","Coronary Care Unit", , , , , , , , ,"32","32","Coronary Care Unit", , , , , , , , , , ,"32","32","Coronary Care Unit", , , , , , , , , ,"32"
"Line(00198)","33","Burn Intensive Care Unit", , , , , , , , ,"33","33","Burn Intensive Care Unit", , , , , , , , , , ,"33","33","Burn Intensive Care Unit", , , , , , , , , ,"33"
"Line(00199)","34","Surgical Intensive Care Unit", , , , , , , , ,"34","34","Surgical Intensive Care Unit", , , , , , , , , , ,"34","34","Surgical Intensive Care Unit", , , , , , , , , ,"34"
"Line(00200)","35","Other Special Care Unit (specify)", , , , , , , , ,"35","35","Other Special Care Unit (specify)", , , , , , , , , , ,"35","35","Other Special Care Unit (specify)", , , , , , , , , ,"35"
"Line(00201)","40","Subprovider IPF", , , , , , , , ,"40","40","Subprovider IPF", , , , , , , , , , ,"40","40","Subprovider IPF", , , , , , , , , ,"40"
"Line(00202)","41","Subprovider IRF", , , , , , , , ,"41","41","Subprovider IRF", , , , , , , , , , ,"41","41","Subprovider IRF", , , , , , , , , ,"41"
"Line(00203)","42","Subprovider (specify)", , , , , , , , ,"42","42","Subprovider (specify)", , , , , , , , , , ,"42","42","Subprovider (specify)", , , , , , , , , ,"42"
"Line(00204)","43","Nursery", , , , , , , , ,"43","43","Nursery", , , , , , , , , , ,"43","43","Nursery", , , , , , , , , ,"43"
"Line(00205)","44","Skilled Nursing Facility", , , , , , , , ,"44","44","Skilled Nursing Facility", , , , , , , , , , ,"44","44","Skilled Nursing Facility", , , , , , , , , ,"44"
"Line(00206)","45","Nursing Facility", , , , , , , , ,"45","45","Nursing Facility", , , , , , , , , , ,"45","45","Nursing Facility", , , , , , , , , ,"45"
"Line(00207)","46","Other Long Term Care", , , , , , , , ,"46","46","Other Long Term Care", , , , , , , , , , ,"46","46","Other Long Term Care", , , , , , , , , ,"46"
"Line(00212)","\"FORM CMS-2552-10 (08/2011) (INSTRUCTIONS FOR THIS WORKSHEET ARE PUBLISHED IN CMS PUB. 15-II","SECTION 4020)\"", , , , , , , , , , ,"\"FORM CMS-2552-10 (08/2011) (INSTRUCTIONS FOR THIS WORKSHEET ARE PUBLISHED IN CMS PUB. 15-II","SECTION 4020)\"", , , , , , , , , , , , ,"\"FORM CMS-2552-10 (08/2011) (INSTRUCTIONS FOR THIS WORKSHEET ARE PUBLISHED IN CMS PUB. 15-II","SECTION 4020)\""
"Line(00213)","Rev. 2", , , , , , , , , ,"40-553","40-556", , , , , , , , , , , ,"Rev. 2","Rev. 2", , , , , , , , , , ,"40-559"
"Line(00214)","4090 (Cont.)", , , ,"FORM CMS-2552-10", , , , , ,"08-11","08-11", , , ,"FORM CMS-2552-10", , , , , , , ,"4090 (Cont.)","4090 (Cont.)", , , ,"FORM CMS-2552-10", , , , , , ,"08-11"
"Line(00215)","COST ALLOCATION - STATISTICAL BASIS", , , , ,"PROVIDER CCN:", ,"PERIOD:", ,"WORKSHEET B-1", ,"COST ALLOCATION - STATISTICAL BASIS", , , , , , ,"PROVIDER CCN:", ,"PERIOD:", ,"WORKSHEET B-1", ,"COST ALLOCATION - STATISTICAL BASIS", , , , , ,"PROVIDER CCN:", ,"PERIOD:", ,"WORKSHEET B-1"
"Line(00216)", , , , , , , ,"FROM ____________", , , , , , , , , , , , ,"FROM ____________", , , , , , , , , , , ,"FROM ____________"
"Line(00217)", , , , , ,"________________", ,"TO _______________", , , , , , , , , , ,"________________", ,"TO _______________", , , , , , , , , ,"________________", ,"TO _______________"
"Line(00218)", , , ,"CAPITAL RELATED COST", , , ,"ADMINIS-","MAIN-", , , , ,"LAUNDRY", , , ,"MAIN-","NURSING","CENTRAL", ,"MEDICAL", , , , , ,"NON-", ,"INTERNS & RESIDENTS", ,"PARA-", ,"INTERN &"
"Line(00219)", , , ,"BLDGS. &","MOVABLE","EMPLOYEE", ,"TRATIVE &","TENANCE &","OPERATION", , , ,"& LINEN","HOUSE-", , ,"TENANCE OF","ADMINIS-","SERVICES &", ,"RECORDS &","SOCIAL", , , ,"OTHER","PHYSICIAN","NURSING","SALARY AND","PROGRAM","MEDICAL", ,"RESIDENT"
"Line(00220)", , , ,"FIXTURES","EQUIPMENT","BENEFITS", ,"GENERAL","REPAIRS","OF PLANT", , , ,"SERVICE","KEEPING","DIETARY","CAFETERIA","PERSONNEL","TRATION","SUPPLY","PHARMACY","LIBRARY","SERVICE", , , ,"GENERAL","ANES-","SCHOOL","FRINGES","COSTS","EDUCATION", ,"COST & POST"
"Line(00221)", ,"COST CENTER DESCRIPTIONS", ,"(SQUARE","(DOLLAR","(GROSS","RECONCIL-","(ACCUM.","(SQUARE","(SQUARE", , ,"COST CENTER DESCRIPTIONS","(POUNDS OF","(HOURS OF","(MEALS","(MEALS","(NUMBER","(DIRECT","(COSTED","(COSTED","(TIME","(TIME", , ,"COST CENTER DESCRIPTIONS","SERVICE","THETISTS","(ASSIGNED","(ASSIGNED","(ASSIGNED","(ASSIGNED", ,"STEPDOWN"
"Line(00222)", , , ,"FEET)","VALUE)","SALARIES)","IATION","COST)","FEET)","FEET)", , , ,"LAUNDRY)","SERVICE)","SERVED)","SERVED)","HOUSED)","NURS. HRS)","REQUIS.)","REQUIS.)","SPENT)","SPENT)", , , ,"(SPECIFY)","(ASGND TIME)","TIME)","TIME)","TIME)","TIME)","SUBTOTAL","ADJUSTMENTS","TOTAL"
"Line(00223)", , , ,"1","2","4","5A","5","6","7", , , ,"8","9","10","11","12","13","14","15","16","17", , , ,"18","19","20","21","22","23","24","25","26"
"Line(00224)", ,"ANCILLARY SERVICE COST CENTERS", , , , , , , , , , ,"ANCILLARY SERVICE COST CENTERS", , , , , , , , , , , , ,"ANCILLARY SERVICE COST CENTERS"
"Line(00225)","50","Operating Room", , , , , , , , ,"50","50","Operating Room", , , , , , , , , , ,"50","50","Operating Room", , , , , , , , , ,"50"
"Line(00226)","51","Recovery Room", , , , , , , , ,"51","51","Recovery Room", , , , , , , , , , ,"51","51","Recovery Room", , , , , , , , , ,"51"
"Line(00227)","52","Labor Room and Delivery Room", , , , , , , , ,"52","52","Labor Room and Delivery Room", , , , , , , , , , ,"52","52","Labor Room and Delivery Room", , , , , , , , , ,"52"
"Line(00228)","53","Anesthesiology", , , , , , , , ,"53","53","Anesthesiology", , , , , , , , , , ,"53","53","Anesthesiology", , , , , , , , , ,"53"
"Line(00229)","54","Radiology-Diagnostic", , , , , , , , ,"54","54","Radiology-Diagnostic", , , , , , , , , , ,"54","54","Radiology-Diagnostic", , , , , , , , , ,"54"
"Line(00230)","55","Radiology-Therapeutic", , , , , , , , ,"55","55","Radiology-Therapeutic", , , , , , , , , , ,"55","55","Radiology-Therapeutic", , , , , , , , , ,"55"
"Line(00231)","56","Radioisotope", , , , , , , , ,"56","56","Radioisotope", , , , , , , , , , ,"56","56","Radioisotope", , , , , , , , , ,"56"
"Line(00232)","57","Computed Tomography (CT) Scan", , , , , , , , ,"57","57","Computed Tomography (CT) Scan", , , , , , , , , , ,"57","57","Computed Tomography (CT) Scan", , , , , , , , , ,"57"
"Line(00233)","58","Magnetic Resonance Imaging (MRI)", , , , , , , , ,"58","58","Magnetic Resonance Imaging (MRI)", , , , , , , , , , ,"58","58","Magnetic Resonance Imaging (MRI)", , , , , , , , , ,"58"
"Line(00234)","59","Cardiac Catheterization", , , , , , , , ,"59","59","Cardiac Catheterization", , , , , , , , , , ,"59","59","Cardiac Catheterization", , , , , , , , , ,"59"
"Line(00235)","60","Laboratory", , , , , , , , ,"60","60","Laboratory", , , , , , , , , , ,"60","60","Laboratory", , , , , , , , , ,"60"
"Line(00236)","61","PBP Clinical Laboratory Services-Program Only", , , , , , , , ,"61","61","PBP Clinical Laboratory Services-Program Only", , , , , , , , , , ,"61","61","PBP Clinical Laboratory Services-Program Only", , , , , , , , , ,"61"
"Line(00237)","62","Whole Blood & Packed Red Blood Cells", , , , , , , , ,"62","62","Whole Blood & Packed Red Blood Cells", , , , , , , , , , ,"62","62","Whole Blood & Packed Red Blood Cells", , , , , , , , , ,"62"
"Line(00238)","63","\" Blood Storing","Processing","& Trans.\"", , , , , , , , ,"63","63","\" Blood Storing","Processing","& Trans.\"", , , , , , , , , , ,"63","63","\" Blood Storing","Processing","& Trans.\"", , , , , , , , , ,"63"
"Line(00239)","64","Intravenous Therapy", , , , , , , , ,"64","64","Intravenous Therapy", , , , , , , , , , ,"64","64","Intravenous Therapy", , , , , , , , , ,"64"
"Line(00240)","65","Respiratory Therapy", , , , , , , , ,"65","65","Respiratory Therapy", , , , , , , , , , ,"65","65","Respiratory Therapy", , , , , , , , , ,"65"
"Line(00241)","66","Physical Therapy", , , , , , , , ,"66","66","Physical Therapy", , , , , , , , , , ,"66","66","Physical Therapy", , , , , , , , , ,"66"
"Line(00242)","67","Occupational Therapy", , , , , , , , ,"67","67","Occupational Therapy", , , , , , , , , , ,"67","67","Occupational Therapy", , , , , , , , , ,"67"
"Line(00243)","68","Speech Pathology", , , , , , , , ,"68","68","Speech Pathology", , , , , , , , , , ,"68","68","Speech Pathology", , , , , , , , , ,"68"
"Line(00244)","69","Electrocardiology", , , , , , , , ,"69","69","Electrocardiology", , , , , , , , , , ,"69","69","Electrocardiology", , , , , , , , , ,"69"
"Line(00245)","70","Electroencephalography", , , , , , , , ,"70","70","Electroencephalography", , , , , , , , , , ,"70","70","Electroencephalography", , , , , , , , , ,"70"
"Line(00246)","71","Medical Supplies Charged to Patients", , , , , , , , ,"71","71","Medical Supplies Charged to Patients", , , , , , , , , , ,"71","71","Medical Supplies Charged to Patients", , , , , , , , , ,"71"
"Line(00247)","72","Implantable Devices Charged to Patients", , , , , , , , ,"72","72","Implantable Devices Charged to Patients", , , , , , , , , , ,"72","72","Implantable Devices Charged to Patients", , , , , , , , , ,"72"
"Line(00248)","73","Drugs Charged to Patients", , , , , , , , ,"73","73","Drugs Charged to Patients", , , , , , , , , , ,"73","73","Drugs Charged to Patients", , , , , , , , , ,"73"
"Line(00249)","74","Renal Dialysis", , , , , , , , ,"74","74","Renal Dialysis", , , , , , , , , , ,"74","74","Renal Dialysis", , , , , , , , , ,"74"
"Line(00250)","75","ASC (Non-Distinct Part)", , , , , , , , ,"75","75","ASC (Non-Distinct Part)", , , , , , , , , , ,"75","75","ASC (Non-Distinct Part)", , , , , , , , , ,"75"
"Line(00251)","76","Other Ancillary (specify)", , , , , , , , ,"76","76","Other Ancillary (specify)", , , , , , , , , , ,"76","76","Other Ancillary (specify)", , , , , , , , , ,"76"
"Line(00252)", ,"OUTPATIENT SERVICE COST CENTERS", , , , , , , , , , ,"OUTPATIENT SERVICE COST CENTERS", , , , , , , , , , , , ,"OUTPATIENT SERVICE COST CENTERS"
"Line(00253)","88","Rural Health Clinic (RHC)", , , , , , , , ,"88","88","Rural Health Clinic (RHC)", , , , , , , , , , ,"88","88","Rural Health Clinic (RHC)", , , , , , , , , ,"88"
"Line(00254)","89","Federally Qualified Health Center (FQHC)", , , , , , , , ,"89","89","Federally Qualified Health Center (FQHC)", , , , , , , , , , ,"89","89","Federally Qualified Health Center (FQHC)", , , , , , , , , ,"89"
"Line(00255)","90","Clinic", , , , , , , , ,"90","90","Clinic", , , , , , , , , , ,"90","90","Clinic", , , , , , , , , ,"90"
"Line(00256)","91","Emergency", , , , , , , , ,"91","91","Emergency", , , , , , , , , , ,"91","91","Emergency", , , , , , , , , ,"91"
"Line(00257)","92","Observation Beds", , , , , , , , ,"92","92","Observation Beds", , , , , , , , , , ,"92","92","Observation Beds", , , , , , , , , ,"92"
"Line(00258)","93","Other Outpatient Service (specify)", , , , , , , , ,"93","93","Other Outpatient Service (specify)", , , , , , , , , , ,"93","93","Other Outpatient Service (specify)", , , , , , , , , ,"93"
"Line(00259)","4090 (Cont.)", ,"FORM CMS-2552-10", , , ,"08-11"
"Line(00260)","POST STEPDOWN ADJUSTMENTS", ,"PROVIDER CCN:","PERIOD:", ,"WORKSHEET B-2", , , , , , , , , , , , , , , , , , , , , , , ,"."
"Line(00261)", , , ,"FROM ____________"
"Line(00262)", , ,"________________","TO _______________"
"Line(00263)", , , ,"WORKSHEET"
"Line(00264)", ,"DESCRIPTION", ,"PART","LINE NO.","AMOUNT"
"Line(00265)", ,"1", ,"2","3","4"
"Line(00266)","1","Adjustment for EPO costs in Renal Dialysis cost center", ,"1","74", ,"1"
"Line(00267)","2","Adjustment for EPO costs in Home Program Dialysis cost center", ,"1","94", ,"2"
"Line(00268)","3","Adjustment for ARANESP costs in Renal Dialysis cost center", ,"1","74", ,"3"
"Line(00269)","4","Adjustment for ARANESP costs in Home Program Dialysis cost center", ,"1","94", ,"4"
"Line(00270)","5", , , , , ,"5"
"Line(00271)","6", , , , , ,"6"
"Line(00272)","7", , , , , ,"7"
"Line(00273)","8", , , , , ,"8"
"Line(00274)","9", , , , , ,"9"
"Line(00275)","10", , , , , ,"10"
"Line(00276)","11", , , , , ,"11"
"Line(00277)","12", , , , , ,"12"
"Line(00278)","13", , , , , ,"13"
"Line(00279)","14", , , , , ,"14"
"Line(00280)","15", , , , , ,"15"
"Line(00281)","16", , , , , ,"16"
"Line(00282)","17", , , , , ,"17"
"Line(00283)","18", , , , , ,"18"
"Line(00284)","19", , , , , ,"19"
"Line(00285)","20", , , , , ,"20"
"Line(00286)","21", , , , , ,"21"
"Line(00287)","22", , , , , ,"22"
"Line(00288)","23", , , , , ,"23"
"Line(00289)","24", , , , , ,"24"
"Line(00290)","25", , , , , ,"25"
"Line(00291)","26", , , , , ,"26"
"Line(00292)","27", , , , , ,"27"
"Line(00293)","28", , , , , ,"28"
"Line(00294)","29", , , , , ,"29"
"Line(00295)", , , ,"NET EXPENSES","CAPITAL", , , , , , , , , , , , , , , , , , , , , , , , , , , , , ,"INTERN &"
"Line(00296)", , , ,"FOR COST","RELATED COSTS", , , , , , , , , , , , , , , , , , , , , , , ,"NON-", ,"INTERNS &","INTERNS &", , ,"RESIDENT"
"Line(00297)", , , ,"ALLOCATION", , , , ,"ADMINIS-","MAIN-", , , , ,"LAUNDRY", , , ,"MAIN-","NURSING","CENTRAL", ,"MEDICAL", , , , ,"OTHER","PHYSICIAN", ,"RESIDENTS","RESIDENTS","PARAMEDICAL", ,"COST & POST"
"Line(00298)", , ,"COST CENTER DESCRIPTIONS","(from Wkst.","BLDGS. &","MOVABLE","EMPLOYEE","SUBTOTAL","TRATIVE &","TENANCE &","OPERATION", , ,"COST CENTER DESCRIPTIONS","& LINEN","HOUSE-", , ,"TENANCE OF","ADMINIS-","SERVICES &", ,"RECORDS &","SOCIAL", , ,"COST CENTER DESCRIPTIONS","GENERAL","ANES-","NURSING","SALARY AND","PROGRAM","EDUCATION", ,"STEPDOWN"
"Line(00299)", , , ,"A col. 7)","FIXTURES","EQUIPMENT","BENEFITS","(cols. 0-4)","GENERAL","REPAIRS","OF PLANT", , , ,"SERVICE","KEEPING","DIETARY","CAFETERIA","PERSONNEL","TRATION","SUPPLY","PHARMACY","LIBRARY","SERVICE", , , ,"SERVICE","THETISTS","SCHOOL","FRINGES","COSTS","(SPECIFY)","SUBTOTAL","ADJUSTMENTS","TOTAL"
"Line(00300)", , , ,"0","1","2","4","4A","5","6","7", , , ,"8","9","10","11","12","13","14","15","16","17", , , ,"18","19","20","21","22","23","24","25","26"
"Line(00301)","4090 (Cont.)", , , ,"FORM CMS-2552-10", , , , , ,"08-11","08-11", , , ,"FORM CMS-2552-10", , , , , , , ,"4090 (Cont.)","4090 (Cont.)", , , ,"FORM CMS-2552-10", , , , , , ,"08-11"
"Line(00302)","ALLOCATION OF CAPITAL-RELATED COSTS", , , , ,"PROVIDER CCN:", ,"PERIOD:", ,"\" WORKSHEET B","\"", ,"ALLOCATION OF CAPITAL-RELATED COSTS", , , , ,"PROVIDER CCN:", , ,"PERIOD:", , ,"\" WORKSHEET B","\"", ,"ALLOCATION OF CAPITAL-RELATED COSTS", , , , , ,"PROVIDER CCN:", ,"PERIOD:", ,"\" WORKSHEET B","\""
"Line(00303)", , , , , , , ,"FROM ____________", ,"PART II", , , , , , , , , ,"FROM ____________", , ,"PART II", , , , , , , , , ,"FROM ____________", ,"PART II"
"Line(00304)", , , , , ,"________________", ,"TO _______________", , , , , , , , ,"________________", , ,"TO _______________", , , , , , , , , , ,"________________", ,"TO _______________"
"Line(00305)", , ,"DIRECTLY","CAPITAL", , , , , , , , , , , , , , , , , , , , , , , , , , , , , ,"INTERN &"
"Line(00306)", , ,"ASSIGNED","RELATED COSTS", , , , , , , , , , , , , , , , , , , , , , , ,"NON-", ,"INTERNS &","INTERNS &", , ,"RESIDENT"
"Line(00307)", , ,"NEW CAPITAL", , ,"SUBTOTAL", ,"ADMINIS-","MAIN-", , , , ,"LAUNDRY", , , ,"MAIN-","NURSING","CENTRAL", ,"MEDICAL", , , , ,"OTHER","PHYSICIAN", ,"RESIDENTS","RESIDENTS","PARAMEDICAL", ,"COST & POST"
"Line(00308)", ,"COST CENTER DESCRIPTIONS","RELATED","BLDGS. &","MOVABLE","(sum of","EMPLOYEE","TRATIVE &","TENANCE &","OPERATION", , ,"COST CENTER DESCRIPTIONS","& LINEN","HOUSE-", , ,"TENANCE OF","ADMINIS-","SERVICES &", ,"RECORDS &","SOCIAL", , ,"COST CENTER DESCRIPTIONS","GENERAL","ANES-","NURSING","SALARY AND","PROGRAM","EDUCATION", ,"STEPDOWN"
"Line(00309)", , ,"COSTS","FIXTURES","EQUIPMENT","(cols. 0-2)","BENEFITS","GENERAL","REPAIRS","OF PLANT", , , ,"SERVICE","KEEPING","DIETARY","CAFETERIA","PERSONNEL","TRATION","SUPPLY","PHARMACY","LIBRARY","SERVICE", , , ,"SERVICE","THETISTS","SCHOOL","FRINGES","COSTS","(SPECIFY)","SUBTOTAL","ADJUSTMENTS","TOTAL"
"Line(00310)", , ,"0","1","2","2A","4","5","6","7", , , ,"8","9","10","11","12","13","14","15","16","17", , , ,"18","19","20","21","22","23","24","25","26"
"Line(00311)", ,"GENERAL SERVICE COST CENTERS", , , , , , , , , , ,"GENERAL SERVICE COST CENTERS", , , , , , , , , , , , ,"GENERAL SERVICE COST CENTERS"
"Line(00312)","1","Capital Related Costs-Buildings and Fixtures", , , , , , , , ,"1","1","Capital Related Costs-Buildings and Fixtures", , , , , , , , , , ,"1","1","Capital Related Costs-Buildings and Fixtures", , , , , , , , , ,"1"
"Line(00313)","2","Capital Related Costs-Movable Equipment", , , , , , , , ,"2","2","Capital Related Costs-Movable Equipment", , , , , , , , , , ,"2","2","Capital Related Costs-Movable Equipment", , , , , , , , , ,"2"
"Line(00314)","4","Employee Benefits", , , , , , , , ,"4","4","Employee Benefits", , , , , , , , , , ,"4","4","Employee Benefits", , , , , , , , , ,"4"
"Line(00315)","5","Administrative and General", , , , , , , , ,"5","5","Administrative and General", , , , , , , , , , ,"5","5","Administrative and General", , , , , , , , , ,"5"
"Line(00316)","6","Maintenance and Repairs", , , , , , , , ,"6","6","Maintenance and Repairs", , , , , , , , , , ,"6","6","Maintenance and Repairs", , , , , , , , , ,"6"
"Line(00317)","7","Operation of Plant", , , , , , , , ,"7","7","Operation of Plant", , , , , , , , , , ,"7","7","Operation of Plant", , , , , , , , , ,"7"
"Line(00318)","8","Laundry and Linen Service", , , , , , , , ,"8","8","Laundry and Linen Service", , , , , , , , , , ,"8","8","Laundry and Linen Service", , , , , , , , , ,"8"
"Line(00319)","9","Housekeeping", , , , , , , , ,"9","9","Housekeeping", , , , , , , , , , ,"9","9","Housekeeping", , , , , , , , , ,"9"
"Line(00320)","10","Dietary", , , , , , , , ,"10","10","Dietary", , , , , , , , , , ,"10","10","Dietary", , , , , , , , , ,"10"
"Line(00321)","11","Cafeteria", , , , , , , , ,"11","11","Cafeteria", , , , , , , , , , ,"11","11","Cafeteria", , , , , , , , , ,"11"
"Line(00322)","12","Maintenance of Personnel", , , , , , , , ,"12","12","Maintenance of Personnel", , , , , , , , , , ,"12","12","Maintenance of Personnel", , , , , , , , , ,"12"
"Line(00323)","13","Nursing Administration", , , , , , , , ,"13","13","Nursing Administration", , , , , , , , , , ,"13","13","Nursing Administration", , , , , , , , , ,"13"
"Line(00324)","14","Central Services and Supply", , , , , , , , ,"14","14","Central Services and Supply", , , , , , , , , , ,"14","14","Central Services and Supply", , , , , , , , , ,"14"
"Line(00325)","15","Pharmacy", , , , , , , , ,"15","15","Pharmacy", , , , , , , , , , ,"15","15","Pharmacy", , , , , , , , , ,"15"
"Line(00326)","16","Medical Records & Medical Records Library", , , , , , , , ,"16","16","Medical Records & Medical Records Library", , , , , , , , , , ,"16","16","Medical Records & Medical Records Library", , , , , , , , , ,"16"
"Line(00327)","17","Social Service", , , , , , , , ,"17","17","Social Service", , , , , , , , , , ,"17","17","Social Service", , , , , , , , , ,"17"
"Line(00328)","18","Other General Service (specify)", , , , , , , , ,"18","18","Other General Service (specify)", , , , , , , , , , ,"18","18","Other General Service (specify)", , , , , , , , , ,"18"
"Line(00329)","19","Nonphysician Anesthetists", , , , , , , , ,"19","19","Nonphysician Anesthetists", , , , , , , , , , ,"19","19","Nonphysician Anesthetists", , , , , , , , , ,"19"
"Line(00330)","20","Nursing School", , , , , , , , ,"20","20","Nursing School", , , , , , , , , , ,"20","20","Nursing School", , , , , , , , , ,"20"
"Line(00331)","21","Intern & Res. Service-Salary & Fringes (Approved)", , , , , , , , ,"21","21","Intern & Res. Service-Salary & Fringes (Approved)", , , , , , , , , , ,"21","21","Intern & Res. Service-Salary & Fringes (Approved)", , , , , , , , , ,"21"
"Line(00332)","22","Intern & Res. Other Program Costs (Approved)", , , , , , , , ,"22","22","Intern & Res. Other Program Costs (Approved)", , , , , , , , , , ,"22","22","Intern & Res. Other Program Costs (Approved)", , , , , , , , , ,"22"
"Line(00333)","23","Paramedical Education Program (specify)", , , , , , , , ,"23","23","Paramedical Education Program (specify)", , , , , , , , , , ,"23","23","Paramedical Education Program (specify)", , , , , , , , , ,"23"
"Line(00334)", ,"INPATIENT ROUTINE SERVICE COST CENTERS", , , , , , , , , , ,"INPATIENT ROUTINE SERVICE COST CENTERS", , , , , , , , , , , , ,"INPATIENT ROUTINE SERVICE COST CENTERS"
"Line(00335)","30","Adults and Pediatrics (General Routine Care)", , , , , , , , ,"30","30","Adults and Pediatrics (General Routine Care)", , , , , , , , , , ,"30","30","Adults and Pediatrics (General Routine Care)", , , , , , , , , ,"30"
"Line(00336)","31","Intensive Care Unit", , , , , , , , ,"31","31","Intensive Care Unit", , , , , , , , , , ,"31","31","Intensive Care Unit", , , , , , , , , ,"31"
"Line(00337)","32","Coronary Care Unit", , , , , , , , ,"32","32","Coronary Care Unit", , , , , , , , , , ,"32","32","Coronary Care Unit", , , , , , , , , ,"32"
"Line(00338)","33","Burn Intensive Care Unit", , , , , , , , ,"33","33","Burn Intensive Care Unit", , , , , , , , , , ,"33","33","Burn Intensive Care Unit", , , , , , , , , ,"33"
"Line(00339)","34","Surgical Intensive Care Unit", , , , , , , , ,"34","34","Surgical Intensive Care Unit", , , , , , , , , , ,"34","34","Surgical Intensive Care Unit", , , , , , , , , ,"34"
"Line(00340)","35","Other Special Care Unit (specify)", , , , , , , , ,"35","35","Other Special Care Unit (specify)", , , , , , , , , , ,"35","35","Other Special Care Unit (specify)", , , , , , , , , ,"35"
"Line(00341)","40","Subprovider IPF", , , , , , , , ,"40","40","Subprovider IPF", , , , , , , , , , ,"40","40","Subprovider IPF", , , , , , , , , ,"40"
"Line(00342)","41","Subprovider IRF", , , , , , , , ,"41","41","Subprovider IRF", , , , , , , , , , ,"41","41","Subprovider IRF", , , , , , , , , ,"41"
"Line(00343)","42","Subprovider (specify)", , , , , , , , ,"42","42","Subprovider (specify)", , , , , , , , , , ,"42","42","Subprovider (specify)", , , , , , , , , ,"42"
"Line(00344)","43","Nursery", , , , , , , , ,"43","43","Nursery", , , , , , , , , , ,"43","43","Nursery", , , , , , , , , ,"43"
"Line(00345)","44","Skilled Nursing Facility", , , , , , , , ,"44","44","Skilled Nursing Facility", , , , , , , , , , ,"44","44","Skilled Nursing Facility", , , , , , , , , ,"44"
"Line(00346)","45","Nursing Facility", , , , , , , , ,"45","45","Nursing Facility", , , , , , , , , , ,"45","45","Nursing Facility", , , , , , , , , ,"45"
"Line(00347)","46","Other Long Term Care", , , , , , , , ,"46","46","Other Long Term Care", , , , , , , , , , ,"46","46","Other Long Term Care", , , , , , , , , ,"46"
"Line(00348)","08-11", , , ,"FORM CMS-2552-10", , , , , , , , ,"4090 (Cont.)"
"Line(00349)","COMPUTATION OF RATIO OF COSTS TO CHARGES", , , , , , , ,"PROVIDER CCN:", ,"PERIOD:", ,"WORKSHEET C"
"Line(00350)", , , , , , , , , , ,"FROM ____________", ,"PART I"
"Line(00351)", , , , , , , , ,"________________", ,"TO _______________"
"Line(00352)", , ,"Total Cost", ,"Costs", , ,"Charges"
"Line(00353)", , ,"(from Wkst.","Therapy", ,"RCE", , , ,"Total", ,"TEFRA","PPS"
"Line(00354)", ,"COST CENTER DESCRIPTIONS","\"B","Part I","\"","Limit","Total","Dis-","Total", , ,"(column 6","Cost or","Inpatient","Inpatient"
"Line(00355)", , ,"col. 26)","Adj.","Costs","allowance","Costs","Inpatient","Outpatient","+ column 7)","Other Ratio","Ratio","Ratio"
"Line(00356)", , ,"1","2","3","4","5","6","7","8","9","10","11"
"Line(00357)", ,"INPATIENT ROUTINE SERVICE COST CENTERS"
"Line(00358)","30","Adults and Pediatrics (General Routine Care)", , , , , , , , , , , ,"30"
"Line(00359)","31","Intensive Care Unit", , , , , , , , , , , ,"31"
"Line(00360)","32","Coronary Care Unit", , , , , , , , , , , ,"32"
"Line(00361)","33","Burn Intensive Care Unit", , , , , , , , , , , ,"33"
"Line(00362)","34","Surgical Intensive Care Unit", , , , , , , , , , , ,"34"
"Line(00363)","35","Other Special Care (specify)", , , , , , , , , , , ,"35"
"Line(00364)","40","Subprovider IPF", , , , , , , , , , , ,"40"
"Line(00365)","41","Subprovider IRF", , , , , , , , , , , ,"41"
"Line(00366)","42","Subprovider (Specify)", , , , , , , , , , , ,"42"
"Line(00367)","43","Nursery", , , , , , , , , , , ,"43"
"Line(00368)","44","Skilled Nursing Facility", , , , , , , , , , , ,"44"
"Line(00369)","45","Nursing Facility", , , , , , , , , , , ,"45"
"Line(00370)","46","Other Long Term Care", , , , , , , , , , , ,"46"
"Line(00371)", ,"ANCILLARY SERVICE COST CENTERS"
"Line(00372)","50","Operating Room", , , , , , , , , , , ,"50"
"Line(00373)","51","Recovery Room", , , , , , , , , , , ,"51"
"Line(00374)","52","Labor Room and Delivery Room", , , , , , , , , , , ,"52"
"Line(00375)","53","Anesthesiology", , , , , , , , , , , ,"53"
"Line(00376)","54","Radiology-Diagnostic", , , , , , , , , , , ,"54"
"Line(00377)","55","Radiology-Therapeutic", , , , , , , , , , , ,"55"
"Line(00378)","56","Radioisotope", , , , , , , , , , , ,"56"
"Line(00379)","57","Computed Tomography (CT) Scan", , , , , , , , , , , ,"57"
"Line(00380)","58","Magnetic Resonance Imaging (MRI)", , , , , , , , , , , ,"58"
"Line(00381)","59","Cardiac Catheterization", , , , , , , , , , , ,"59"
"Line(00382)","60","Laboratory", , , , , , , , , , , ,"60"
"Line(00383)","61","PBP Clinical Laboratory Services-Prgm. Only", , , , , , , , , , , ,"61"
"Line(00384)","62","Whole Blood & Packed Red Blood Cells", , , , , , , , , , , ,"62"
"Line(00385)","63","\" Blood Storing","Processing","& Trans.\"", , , , , , , , , , , ,"63"
"Line(00386)","64","Intravenous Therapy", , , , , , , , , , , ,"64"
"Line(00387)","65","Respiratory Therapy", , , , , , , , , , , ,"65"
"Line(00388)","66","Physical Therapy", , , , , , , , , , , ,"66"
"Line(00389)","67","Occupational Therapy", , , , , , , , , , , ,"67"
"Line(00390)","68","Speech Pathology", , , , , , , , , , , ,"68"
"Line(00391)", , , , , ,"Capital Cost","Operating Cost", , ,"Cost Net of","Total"
"Line(00392)", , , , ,"Total Cost","\"(Wkst B","\"","Net of", ,"Operating Cost","Capital and","Charges","Outpatient Cost"
"Line(00393)", , ,"Cost Center Descriptions", ,"\"(Wkst. B","\"","\"Part II","\"","Capital Cost","Capital","Reduction","Operating Cost","\"(Worksheet C","\"","to Charge Ratio"
"Line(00394)", , , , ,"\"Part I","col. 26)\"","col. 26)","(col. 1 - col. 2)","Reduction","Amount","Reduction","\"Part I","column 8)\""
"Line(00395)", , , , ,"1","2","3","4","5","6","7","8"
"Line(00396)", , ,"ANCILLARY SERVICE COST CENTERS"
"Line(00397)", ,"50","Operating Room", , , , , , , , , ,"50"
"Line(00398)", ,"51","Recovery Room", , , , , , , , , ,"51"
"Line(00399)", ,"52","Labor Room and Delivery Room", , , , , , , , , ,"52"
"Line(00400)", ,"53","Anesthesiology", , , , , , , , , ,"53"
"Line(00401)", ,"54","Radiology-Diagnostic", , , , , , , , , ,"54"
"Line(00402)", ,"55","Radiology-Therapeutic", , , , , , , , , ,"55"
"Line(00403)", ,"56","Radioisotope", , , , , , , , , ,"56"
"Line(00404)", ,"57","Computed Tomography (CT) Scan", , , , , , , , , ,"57"
"Line(00405)", ,"58","Magnetic Resonance Imaging (MRI)", , , , , , , , , ,"58"
"Line(00406)", ,"59","Cardiac Catherization", , , , , , , , , ,"59"
"Line(00407)", ,"60","Laboratory", , , , , , , , , ,"60"
"Line(00408)", ,"61","PBP Clinical Laboratory Services-Prgm. Only", , , , , , , , , ,"61"
"Line(00409)", ,"62","Whole Blood & Packed Red Blood Cells", , , , , , , , , ,"62"
"Line(00410)", ,"63","\" Blood Storing","Processing","& Trans.\"", , , , , , , , , ,"63"
"Line(00411)", ,"64","Intravenous Therapy", , , , , , , , , ,"64"
"Line(00412)", ,"65","Respiratory Therapy", , , , , , , , , ,"65"
"Line(00413)", ,"66","Physical Therapy", , , , , , , , , ,"66"
"Line(00414)", ,"67","Occupational Therapy", , , , , , , , , ,"67"
"Line(00415)", ,"68","Speech Pathology", , , , , , , , , ,"68"
"Line(00416)", ,"69","Electrocardiology", , , , , , , , , ,"69"
"Line(00417)", ,"70","Electroencephalography", , , , , , , , , ,"70"
"Line(00418)", ,"71","Medical Supplies Charged to Patients", , , , , , , , , ,"71"
"Line(00419)", ,"72","Implantable Devices Charged to Patients", , , , , , , , , ,"72"
"Line(00420)", ,"73","Drugs Charged to Patients", , , , , , , , , ,"73"
"Line(00421)", ,"74","Renal Dialysis", , , , , , , , , ,"74"
"Line(00422)", ,"75","ASC (Non-Distinct Part)", , , , , , , , , ,"75"
"Line(00423)", ,"76","Other Ancillary (specify)", , , , , , , , , ,"76"
"Line(00424)", , ,"4095 (Cont.)", , ,"FORM CMS 2552-10", , , , ,"08-11"
"Line(00425)", , , ,"ELECTRONIC REPORTING SPECIFICATIONS FOR FORM CMS 2552-10"
"Line(00426)", , , ,"TABLE 5 - STANDARD COST CENTER DESCRIPTIONS AND CODES"
"Line(00428)", , , , ,"CODE","USE", , , ,"CODE","USE"
"Line(00430)", , ,"GENERAL SERVICE", , , , , ,"ANCILLARY SERVICE"
"Line(00431)", , ,"COST CENTERS", , , , , ,"COST CENTERS (Continued)"
"Line(00433)", , ,"Cap Rel Costs-Bldg & Fixt", ,"00100","(50)", , ,"Whole Blood & Packed Red Blood Cells","06200","(30)"
"Line(00434)", , ,"Cap Rel Costs-Mvble Equip", ,"00200","(50)", , ,"\"Blood Storing","Processing","& Trans.\"","06300","(30)"
"Line(00435)", , ,"Other Cap Related Cost", ,"00300","(01)", , ,"Intravenous Therapy","06400","(30)"
"Line(00436)", , ,"Employee Benefits", ,"00400","(20)", , ,"Respiratory Therapy","06500","(30)"
"Line(00437)", , ,"Administrative & General", ,"00500","(40)", , ,"Physical Therapy","06600","(30)"
"Line(00438)", , ,"Maintenance & Repairs", ,"00600","(20)", , ,"Occupational Therapy","06700","(30)"
"Line(00439)", , ,"Operation of Plant", ,"00700","(20)", , ,"Speech Pathology","06800","(30)"
"Line(00440)", , ,"Laundry & Linen Service", ,"00800","(20)", , ,"Electro cardiology","06900","(30)"
"Line(00441)", , ,"Housekeeping", ,"00900","(20)", , ,"Electroencephalography","07000","(30)"
"Line(00442)", , ,"Dietary", ,"01000","(20)", , ,"Medical Supplies Charged to Patients","07100","(30)"
"Line(00443)", , ,"Cafeteria", ,"01100","(20)", , ,"Implantable Devices Charged to Patients","07200","(30)"
"Line(00444)", , ,"Maintenance of Personnel", ,"01200","(20)", , ,"Drugs Charged to Patients","07300","(30)"
"Line(00445)", , ,"Nursing Administration", ,"01300","(20)", , ,"Renal Dialysis","07400","(01)"
"Line(00446)", , ,"Central Services & Supply", ,"01400","(20)", , ,"ASC (Non-Distinct Part)","07500","(30)"
"Line(00447)", , ,"Pharmacy", ,"01500","(20)"
"Line(00448)", , ,"Medical Records & Library", ,"01600","(20)", , ,"OUTPATIENT SERVICE"
"Line(00449)", , ,"Social Service", ,"01700","(20)", , ,"COST CENTERS"
"Line(00450)", , ,"Nonphysician Anesthetists", ,"01900","(20)"
"Line(00451)", , ,"Nursing School", ,"02000","(20)", , ,"Rural Health Clinic (RHC)","08800","(25)"
"Line(00452)", , ,"I&R Services-Salary & Fringes Apprvd", ,"02100","(20)", , ,"Federally Qualified Health Center (FQHC)","08900","(25)"
"Line(00453)", , ,"I&R Services-Other Prgm. Costs Apprvd", ,"02200","(20)", , ,"Clinic","09000","(99)"
"Line(00454)", , ,"Paramed. Ed. Prgm.-(specify)", ,"02300","(100)", , ,"Emergency","09100","(20)"
"Line(00455)", , , , , , , , ,"Observation Beds (Non-Distinct Part)","09200","(01)"
"Line(00456)", , ,"INPATIENT ROUTINE SERVICE"
"Line(00457)", , ,"COST CENTERS", , , , , ,"OTHER REIMBURSABLE COST CENTERS"
"Line(00459)", , ,"Adults & Pediatrics", ,"03000","(01)", , ,"Home Program Dialysis","09400","(01)"
"Line(00460)", , ,"Intensive Care Unit", ,"03100","(20)", , ,"Ambulance Services","09500","(01)"
"Line(00461)", , ,"Coronary Care Unit", ,"03200","(20)", , ,"Durable Medical Equip. - Rented","09600","(20)"
"Line(00462)", , ,"Burn Intensive Care Unit", ,"03300","(20)", , ,"Durable Medical Equip. - Sold","09700","(20)"
"Line(00463)", , ,"Surgical Intensive Care Unit", ,"03400","(20)", , ,"I&R Services - Not Apprvd. Prgm.","10000","(01)"
"Line(00464)", , ,"Subprovider - IPF", ,"04000","(1)", , ,"Home Health Agency","10100","(10)"
"Line(00465)","08-11", , ,"FORM CMS-2552-10", , , ,"4090 (Cont.)"
"Line(00466)","COMPUTATION OF INPATIENT", , ,"PROVIDER CCN.: ______________", ,"PERIOD:","\" WORKSHEET D-1","\""
"Line(00467)","OPERATING COST", , , , ,"FROM ____________","PART I"
"Line(00468)", , , ,"COMPONENT CCN.: ____________", ,"TO _______________"
"Line(00469)","Check", ,"[ ]  Title V - I/P","[ ]  Hospital","[ ] Subprovider (other)","[ ]  ICF/MR","[ ]  PPS"
"Line(00470)","applicable", ,"\"   [ ]  Title XVIII","Part A\"","[ ]  IPF","[ ]  SNF", ,"[ ]  TEFRA"
"Line(00471)","boxes:", ,"[ ]  Title XIX - I/P","[ ]  IRF", , ,"[ ]  Other"
"Line(00472)","PART  I  -  ALL PROVIDER COMPONENTS"
"Line(00473)", , , ,"INPATIENT DAYS"
"Line(00474)","1","\" Inpatient days (including private room days and swing-bed days","excluding newborn)\"", , , , , ,"1"
"Line(00475)","2","\" Inpatient days (including private room days","excluding swing-bed and newborn days)\"", , , , , ,"2"
"Line(00476)","3","Private room days (excluding swing-bed and observation bed days)", , , , , ,"3"
"Line(00477)","4","Semi-private room days (excluding swing-bed and observation bed days)", , , , , ,"4"
"Line(00478)","5","Total swing-bed SNF type inpatient days (including private room days) through December 31 of the cost reporting period", , , , , ,"5"
"Line(00479)","6","Total swing-bed SNF type inpatient days (including private room days) after December 31 of the cost reporting period (if", , , , , ,"6"
"Line(00480)", ,"\" calendar year","enter 0 on this line)\""
"Line(00481)","7","Total swing-bed NF type inpatient days (including private room days) through December 31 of the cost reporting period", , , , , ,"7"
"Line(00482)","8","Total swing-bed NF type inpatient days (including private room days) after December 31 of the cost reporting period (if", , , , , ,"8"
"Line(00483)", ,"\" calendar year","enter 0 on this line) \""
"Line(00484)","9","Total inpatient days including private room days applicable to the Program (excluding swing-bed and newborn days)", , , , , ,"9"
"Line(00485)","10","Swing-bed SNF type inpatient days applicable to title XVIII only (including private room days) through December 31 of the", , , , , ,"10"
"Line(00486)", ,"cost reporting period (see instructions)."
"Line(00487)","11","Swing-bed SNF type inpatient days applicable to title XVIII only (including private room days) after  December 31 of the", , , , , ,"11"
"Line(00488)", ,"\"  cost reporting period (if calendar year","enter 0 on this line)\""
"Line(00489)","12","Swing-bed NF type inpatient days applicable to titles V or XIX only (including private room days) through December 31 of", , , , , ,"12"
"Line(00490)", ,"the cost reporting period."
"Line(00491)","13","Swing-bed NF type inpatient days applicable to titles V or XIX only (including private room days) after December 31 of the", , , , , ,"13"
"Line(00492)", ,"\" cost reporting period (if calendar year","enter 0 on this line) \""
"Line(00493)","14","Medically necessary private room days applicable to the Program (excluding swing-bed days)", , , , , ,"14"
"Line(00494)","15","Total nursery days (title V or XIX only)", , , , , ,"15"
"Line(00495)","16","Nursery days (title V or XIX only)", , , , , ,"16"
"Line(00496)","4090 (Cont.)", , ,"FORM CMS-2552-10", , , , ,"08-11"
"Line(00497)","COMPUTATION OF INPATIENT", , , ,"PROVIDER CCN: ______________", ,"PERIOD:","\" WORKSHEET D-1","\"", , , , , , , , , , , , , , , , , , , , , , ,"."
"Line(00498)","OPERATING COST", , , , , ,"FROM ____________","PART II"
"Line(00499)", , , , ,"COMPONENT CCN: ____________", ,"TO _______________"
"Line(00500)","Check", ,"[ ]  Title V - I/P", ,"[ ]  Hospital","[ ]Subprovider (other)", ,"[  ]  PPS"
"Line(00501)","applicable", ,"\"   [ ]  Title XVIII","Part A\"", ,"[ ]  IPF", , ,"[  ]  TEFRA"
"Line(00502)","boxes:", ,"[ ]  Title XIX - I/P", ,"[ ]  IRF", , ,"[  ]  Other"
"Line(00503)","PART II - HOSPITAL AND SUBPROVIDERS ONLY"
"Line(00504)", , , ,"PROGRAM INPATIENT OPERATING COST BEFORE"
"Line(00505)", , , ,"PASS-THROUGH COST ADJUSTMENTS", , , ,"1"
"Line(00506)","38","Adjusted general inpatient routine service cost per diem (see instructions)", , , , , , ,"38"
"Line(00507)","39","Program general inpatient routine service cost (line 9 x line 38)", , , , , , ,"39"
"Line(00508)","40","Medically necessary private room cost applicable to the Program (line 14 x line 35)", , , , , , ,"40"
"Line(00509)","41","Total Program general inpatient routine service cost (line 39 + line 40)", , , , , , ,"41"
"Line(00510)", , , , , ,"Average"
"Line(00511)", , , ,"Total","Total","Per Diem","Program","Program Cost"
"Line(00512)", , , ,"Inpatient Cost","Inpatient Days", ,"Days","(col. 3 x col. 4)"
"Line(00513)", , , ,"1","2","3","4","5"
"Line(00514)","42","Nursery (title V & XIX only)", , , , , , ,"42"
"Line(00515)", ,"Intensive Care Type Inpatient"
"Line(00516)", ,"Hospital Units"
"Line(00517)","43","Intensive Care Unit", , , , , , ,"43"
"Line(00518)","44","Coronary Care Unit", , , , , , ,"44"
"Line(00519)","45","Burn Intensive Care Unit", , , , , , ,"45"
"Line(00520)","46","Surgical Intensive Care Unit", , , , , , ,"46"
"Line(00521)","47","Other Special Care Unit (specify)", , , , , , ,"47"
"Line(00522)", , , , , , , ,"1"
"Line(00523)","48","\" Program inpatient ancillary service cost (Worksheet D-3","column 3","line 200)\"", , , , , , ,"48"
"Line(00524)","49","Total Program inpatient costs (sum of lines 41 through 48) (see instructions)", , , , , , ,"49"
"Line(00526)", , , ,"PASS-THROUGH COST ADJUSTMENTS"
"Line(00527)","50","\" Pass through costs applicable to Program inpatient routine services (from Worksheet D","sum of Parts I and III)\"", , , , , , ,"50"
"Line(00528)","51","\" Pass through costs applicable to Program inpatient ancillary services (from Worksheet D","sum of Parts II and IV)\"", , , , , , ,"51"
"Line(00529)","52","Total Program excludable cost (sum of lines 50 and 51)", , , , , , ,"52"
"Line(00530)","53","\" Total Program inpatient operating cost excluding capital related","nonphysician anesthetist","and  medical education costs\"", , , , , , ,"53"
"Line(00531)", ,"(line 49 minus line 52)"
"Line(00532)","4090 (Cont.)", , ,"FORM CMS-2552-10", , , , ,"08-11","08-11", , , ,"FORM CMS-2552-10", , , ,"4090 (Cont.)", , , , , , , ,"."
"Line(00533)","APPORTIONMENT OF COST OF", , , , ,"PROVIDER CCN:","PERIOD:","\" WORKSHEET  D-2","\"", ,"APPORTIONMENT OF COST OF", , , , ,"PROVIDER CCN:","PERIOD:","\" WORKSHEET D-2","\""
"Line(00534)","SERVICES RENDERED BY", , , , , ,"FROM ____________","PARTS I-III", ,"SERVICES RENDERED BY", , , , , ,"FROM ____________","PARTS I-III (Cont.)"
"Line(00535)","INTERNS AND RESIDENTS", , , , ,"________________","TO _______________", , ,"INTERNS AND RESIDENTS", , , , ,"________________","TO _______________"
"Line(00536)","PART I - NOT IN APPROVED TEACHING PROGRAM", , , , , , , , ,"PART I - NOT IN APPROVED TEACHING PROGRAM"
"Line(00537)", , , , , ,"Percent of","Expense","Total Inpatient Days", , ,"Average Cost", ,"Health Care Program Inpatient Days", ,"Title V","Title XVIII","Title XIX"
"Line(00538)", , ,"Cost Centers", , ,"Assigned Time","Allocation","All Patients", , ,"Per Day","Title V","\"Title XVIII","Part B\"","Title XIX","(col. 4 x col. 5)","(col. 4 x col. 6)","(col. 4 x col. 7)"
"Line(00539)", , , , , ,"1","2","3", , ,"4","5","6","7","8","9","10"
"Line(00540)","1","Total cost of services rendered", , , ,"100.00", , ,"1","1", , , , , , , ,"1"
"Line(00541)", ,"Hospital Inpatient Routine Services:"
"Line(00542)","2", ,"Adults & pediatrics (general routine care)", , , , , ,"2","2", , , , , , , ,"2"
"Line(00543)","3", ,"Intensive care unit", , , , , ,"3","3", , , , , , , ,"3"
"Line(00544)","4", ,"Coronary care unit", , , , , ,"4","4", , , , , , , ,"4"
"Line(00545)","5", ,"Burn Intensive Care Unit", , , , , ,"5","5", , , , , , , ,"5"
"Line(00546)","6", ,"Surgical Intensive Care Unit", , , , , ,"6","6", , , , , , , ,"6"
"Line(00547)","7", ,"Other Special Care (specify)", , , , , ,"7","7", , , , , , , ,"7"
"Line(00548)","8", ,"Nursery", , , , , ,"8","8", , , , , , , ,"8"
"Line(00549)","9","Subtotal (sum of lines 2 through 8)", , , , , , ,"9","9", , , , , , , ,"9"
"Line(00550)","10","IPF - Inpatient routine service", , , , , , ,"10","10", , , , , , , ,"10"
"Line(00551)","11","IRF - Inpatient routine service", , , , , , ,"11","11", , , , , , , ,"11"
"Line(00552)","12","Subprovider (Other) - Inpatient routine service", , , , , , ,"12","12", , , , , , , ,"12"
"Line(00553)","13","Skilled Nursing Facility", , , , , , ,"13","13", , , , , , , ,"13"
"Line(00554)","14","Nursing Facility", , , , , , ,"14","14", , , , , , , ,"14"
"Line(00555)","15","Other Long Term Care", , , , , , ,"15","15", , , , , , , ,"15"
"Line(00556)","16","Home Health Agency", , , , , , ,"16","16", , , , , , , ,"16"
"Line(00557)","17","Outpatient Rehabilitation Providers", , , , , , ,"17","17", , , , , , , ,"17"
"Line(00558)","18","Ambulatory Surgical Center", , , , , , ,"18","18", , , , , , , ,"18"
"Line(00559)","19","Hospice", , , , , , ,"19","19", , , , , , , ,"19"
"Line(00560)","20","Subtotal (sum of lines 9 through 19)", , , , , , ,"20","20", , , , , , , ,"20"
"Line(00561)", , , , , , , ,"Total Charges", , ,"Ratio of Cost", ,"Titles V and XIX Outpatient and", , ,"Titles V and XIX Outpatient and"
"Line(00562)", , , , , , , ,"\"(from Worksheet C","\"", , ,"to Charges", ,"Title XVIII Part B Charges", , ,"Title XVIII Part B Cost"
"Line(00563)", , , , , , , ,"\"Part I","column 8","\"", , , ,"Title","Title XVIII","Title","Title","Title XVIII","Title"
"Line(00564)", ,"Hospital Outpatient Services:", , , , , ,"lines 88 through 93)", , ,"column 3)","V","Part B","XIX","V","Part B","XIX"
"Line(00565)","21", ,"Rural Health Clinic (RHC)", , , , , ,"21","21", , , , , , , ,"21"
"Line(00566)","22", ,"Federally Qualified Health Center (FQHC)", , , , , ,"22","22", , , , , , , ,"22"
"Line(00567)","23", ,"Clinic", , , , , ,"23","23", , , , , , , ,"23"
"Line(00568)","24", ,"Emergency", , , , , ,"24","24", , , , , , , ,"24"
"Line(00569)","25", ,"Observation beds", , , , , ,"25","25", , , , , , , ,"25"
"Line(00570)","26", ,"Other Outpatient Service (specify)", , , , , ,"26","26", , , , , , , ,"26"
"Line(00571)","27","Subtotal (sum of lines 21 through 26)", , , , , , ,"27","27", , , , , , , ,"27"
"Line(00572)","28","Total (sum of lines 20 and 27)", , , ,"100.00", , ,"28","28", , , , , , , ,"28"
"Line(00573)","\"PART II - IN AN APPROVED TEACHING PROGRAM (TITLE XVIII","PART B INPATIENT ROUTINE COSTS ONLY)\"", , , , , , , , ,"\"PART II - IN AN APPROVED TEACHING PROGRAM (TITLE XVIII","PART B INPATIENT ROUTINE COSTS ONLY)\""
"Line(00574)", , , , , ,"Expenses Allocated", , , , , ,"Average Cost", ,"Expenses"
"Line(00575)", , , , , ,"to cost centers", ,"Net Cost", , ,"Total","Per Day","Title XVIII","Applicable"
"Line(00576)", , , , , ,"\"on Worksheet B","Part I\"","Swing Bed","(column 1 plus", , ,"Inpatient Days -", ,"Part B","to Title XVIII"
"Line(00577)", , , , , ,"columns 21 and 22","Amount","column 2)", , ,"All Patients","column 4)","Inpatient Days","(col. 5 x col. 6)"
"Line(00578)", ,"Hospital Inpatient Routine Services:", , , ,"1","2","3", , ,"4","5","6","7"
"Line(00579)","29", ,"Adults & Pediatrics (general routine care)", , , , , ,"29","29", , , , , , , ,"29"
"Line(00580)","30", ,"Swing Bed - SNF", , , , , ,"30","30", , , , , , , ,"30"
"Line(00581)","31", ,"Swing Bed - NF", , , , , ,"31","31", , , , , , , ,"31"
"Line(00582)","32", ,"Intensive care unit", , , , , ,"32","32", , , , , , , ,"32"
"Line(00583)","33", ,"Coronary care unit", , , , , ,"33","33", , , , , , , ,"33"
"Line(00584)","34", ,"Burn Intensive Care Unit", , , , , ,"34","34", , , , , , , ,"34"
"Line(00585)","35", ,"Surgical Intensive Care Unit", , , , , ,"35","35", , , , , , , ,"35"
"Line(00586)","36", ,"Other Special Care (specify)", , , , , ,"36","36", , , , , , , ,"36"
"Line(00587)","37","\" Subtotal (sum of lines 28","and 29 through 36)\"", , , , , , ,"37","37", , , , , , , ,"37"
"Line(00588)","38","IPF - Inpatient routine service", , , , , , ,"38","38", , , , , , , ,"38"
"Line(00589)","39","IRF - Inpatient routine service", , , , , , ,"39","39", , , , , , , ,"39"
"Line(00590)","40","Subprovider (Other)- Inpatient routine service", , , , , , ,"40","40", , , , , , , ,"40"
"Line(00591)","41","Skilled Nursing Facility", , , , , , ,"41","41", , , , , , , ,"41"
"Line(00592)","42","Total (sum of lines 37 through 41)", , , , , , ,"42","42", , , , , , , ,"42"
"Line(00593)","PART III - SUMMARY FOR TITLE XVIII (TO BE COMPLETED ONLY IF BOTH PARTS I AND II ARE USED)", , , , , , , , ,"PART III - SUMMARY FOR TITLE XVIII (TO BE COMPLETED ONLY IF BOTH PARTS I AND II ARE USED)"
"Line(00594)", , , , , , ,"Not In Approved Teaching Program", , , ,"In Approved Teaching Program", ,"Total Title XVIII Costs"
"Line(00595)", , , , , , ,"(from Part I)","Amount", , ,"\"(from Part II","col. 7)\"","Amount","\"(to Wkst. E","Part B)\"","(col. 2 + col. 4)"
"Line(00596)","08-11", , ,"FORM CMS-2552-10", , , , ,"4090 (Cont.)"
"Line(00597)","COMPUTATION OF ORGAN ACQUISITION COSTS AND CHARGES", , , , ,"PROVIDER CCN:","PERIOD:","\" WORKSHEET D-4","\""
"Line(00598)","FOR HOSPITALS WHICH ARE CERTIFIED TRANSPLANT CENTERS", , , , ,"________________","FROM ____________","PART I"
"Line(00599)", , , , , ,"OPO CCN:","TO _______________"
"Line(00600)", , , , , ,"________________"
"Line(00601)","Check", ,"[ ] HEART","[ ] LIVER","[ ] PANCREAS", ,"[ ] ISLET"
"Line(00602)","applicable box:", ,"[ ] KIDNEY","[ ] LUNG","[ ] INTESTINE", ,"[ ] OTHER (specify)"
"Line(00604)","PART I - COMPUTATION OF ORGAN ACQUISITION COSTS (INPATIENT ROUTINE AND ANCILLARY SERVICES)"
"Line(00605)", , , ,"Inpatient", , ,"Organ"
"Line(00606)","Computation of Inpatient", , ,"Routine Organ", ,"Per Diem Costs","Acquisition","Cost"
"Line(00607)","Routine Service Costs", , ,"Charges", ,"\"(from Wkst. D-1","Part II)\"","Days","(col. 2 x col. 3)"
"Line(00608)","Applicable to Organ Acquisition", , ,"1","D","2","3","4"
"Line(00609)","1","Adults and Pediatrics", , ,"38", , , ,"1"
"Line(00610)","2","Intensive Care", , ,"43", , , ,"2"
"Line(00611)","3","Coronary Care", , ,"44", , , ,"3"
"Line(00612)","4","Burn Intensive Care Unit", , ,"45", , , ,"4"
"Line(00613)","5","Surgical Intensive Care Unit", , ,"46", , , ,"5"
"Line(00614)","6","Other Special Care (specify)", , ,"47", , , ,"6"
"Line(00615)","7","TOTAL (sum of lines 1-6)", , , , , , ,"7"
"Line(00617)", , , , , ,"Ratio of Cost","Organ","Organ"
"Line(00618)", , , , , ,"to Charges","Acquisition","Acquisition"
"Line(00619)","Computation of Ancillary", , , , ,"(from","Ancillary","Ancillary"
"Line(00620)","Service Costs Applicable", , , , ,"Wkst. C)","Charges","Costs"
"Line(00621)","to Organ Acquisition", , , ,"C","1","2","3"
"Line(00622)","8","Operating Room", , ,"50", , , ,"8"
"Line(00623)","9","Recovery Room", , ,"51", , , ,"9"
"Line(00624)","10","Labor Room & Delivery Room", , ,"52", , , ,"10"
"Line(00625)","11","Anesthesiology", , ,"53", , , ,"11"
"Line(00626)","12","Radiology-Diagnostic", , ,"54", , , ,"12"
"Line(00627)","13","Radiology-Therapeutic", , ,"55", , , ,"13"
"Line(00628)","14","Radioisotope", , ,"56", , , ,"14"
"Line(00629)","15","Computed Tomography (CT) Scan", , ,"57", , , ,"15"
"Line(00630)","16","Magnetic Resonance Imaging (MRI)", , ,"58", , , ,"16"
"Line(00631)","17","Cardiac Catheterization", , ,"59", , , ,"17"
"Line(00632)","18","Laboratory", , ,"60", , , ,"18"
"Line(00633)","19","PBP Clinical Laboratory Services-Program Only", , ,"61", , , ,"19"
"Line(00634)","20","Whole Blood & Packed Red Blood Cells", , ,"62", , , ,"20"
"Line(00635)","21","\" Blood Storage","Processing","& Transfusing\"", , ,"63", , , ,"21"
"Line(00636)","22","IV Therapy", , ,"64", , , ,"22"
"Line(00637)","23","Respiratory Therapy", , ,"65", , , ,"23"
"Line(00638)","24","Physical Therapy", , ,"66", , , ,"24"
"Line(00639)","25","Occupational Therapy", , ,"67", , , ,"25"
"Line(00640)","26","Speech Pathology", , ,"68", , , ,"26"
"Line(00641)","27","Electrocardiology", , ,"69", , , ,"27"
"Line(00642)","28","Electroencephalography", , ,"70", , , ,"28"
"Line(00643)","29","Medical Supplies Charged to Patients", , ,"71", , , ,"29"
"Line(00644)","30","Implantable Devices Charged to Patients", , ,"72", , , ,"30"
"Line(00645)","31","Drugs Charged to Patients", , ,"73", , , ,"31"
"Line(00646)","32","Renal Dialysis", , ,"74", , , ,"32"
"Line(00647)","33","ASC (non-distinct part)", , ,"75", , , ,"33"
"Line(00648)","34","Other Ancillary (specify)", , ,"76", , , ,"34"
"Line(00649)","35","Rural Health Clinic (RHC)", , ,"88", , , ,"35"
"Line(00650)","36","Federally Qualified Health Center (FQHC)", , ,"89", , , ,"36"
"Line(00651)","37","Clinic", , ,"90", , , ,"37"
"Line(00652)","38","Emergency Room", , ,"91", , , ,"38"
"Line(00653)","39","Observation Beds", , ,"92", , , ,"39"
"Line(00654)","40","Other Outpatient Service (specify)", , ,"93", , , ,"40"
"Line(00655)","41","TOTAL (sum of lines 8-40)", , , , , , ,"41"
"Line(00656)","4090 (Cont.)", , ,"FORM CMS-2552-10", , , , ,"08-11"
"Line(00657)","COMPUTATION OF ORGAN ACQUISITION COSTS AND CHARGES", , ,"PROVIDER CCN:", ,"PERIOD:", ,"\" WORKSHEET D-4","\""
"Line(00658)","FOR HOSPITALS WHICH ARE CERTIFIED TRANSPLANT CENTERS", , ,"________________", ,"FROM ____________", ,"PART II"
"Line(00659)", , , ,"OPO CCN:", ,"TO _______________"
"Line(00660)", , , ,"________________"
"Line(00661)","Check", ,"[ ] HEART","[ ] LIVER", ,"[ ] PANCREAS", ,"[ ] ISLET"
"Line(00662)","applicable box:", ,"[ ] KIDNEY","[ ] LUNG", ,"[ ] INTESTINE", ,"[ ] OTHER (specify)", , , , , , , , , , , , , , , , , ,"[  ] LIVER", , , , , , , , , , ,"[  ] HEART"
"Line(00664)","PART II - COMPUTATION OF ORGAN ACQUISITION COSTS (OTHER THAN INPATIENT ROUTINE AND"
"Line(00665)", ,"ANCILLARY SERVICE COSTS)"
"Line(00666)", , , , ,"Average Cost", , ,"Organ"
"Line(00667)", ,"Computation of the Cost of Inpatient", , ,"Per Day", , ,"Acquisition"
"Line(00668)", ,"Services of Interns and Residents Not", , ,"\"(from Wkst. D-2","\"","Organ", ,"Costs"
"Line(00669)", ,"In Approved Teaching Program", , ,"\"Part I","col. 4)\"","Acquisition Days", ,"(col. 1 x col. 2)"
"Line(00670)", , , ,"D","1","2", ,"3", , , , , , , , , , , , ,"1", , , , , , , , ,"2", , , , , , , , ,"3"
"Line(00671)","42","Adults & Pediatrics (General routine care)", ,"2", , , , ,"42"
"Line(00672)","43","Intensive Care Unit", ,"3", , , , ,"43"
"Line(00673)","44","Coronary Care Unit", ,"4", , , , ,"44"
"Line(00674)","45","Burn Intensive Care Unit", ,"5", , , , ,"45"
"Line(00675)","46","Surgical Intensive Care Unit", ,"6", , , , ,"46"
"Line(00676)","47","Other Special Care (specify)", ,"7", , , , ,"47"
"Line(00677)","48","TOTAL (sum of lines 42 through 47)", , , , , , ,"48"
"Line(00682)", , , , , , ,"Ratio of Cost","Organ"
"Line(00683)", ,"Computation of the Cost of Oupatient", ,"Organ", , ,"to Charges","Acquisition"
"Line(00684)", ,"Services of Interns and Residents Not", ,"Charges", , ,"\" from Wkst. D-2","\"","Costs"
"Line(00685)", ,"In Approved Teaching Program", ,"(see instructions)", , ,"\"Part I","col.  4)\"","(col. 1 x col. 2)", , , , , , , , , , , , , , , , , , , ,"Ratio of Cost"
"Line(00686)", , , ,"1", ,"D","2","3"
"Line(00687)","49","Rural Health Clinic (RHC)", , , ,"21", , ,"49", , , , , , , , , , , , , , , , , ,"\" Supp. Wkst. D-2","\""
"Line(00688)","50","Federally Qualified Health Center (FQHC)", , , ,"22", , ,"50", , , , , , , , , , , ,"1", , , , , , , ,"2", , , , , , , , , ,"3"
"Line(00689)","51","Clinic", , , ,"23", , ,"51"
"Line(00690)","52","Emergency", , , ,"24", , ,"52"
"Line(00691)","53","Observation Beds", , , ,"25", , ,"53"
"Line(00692)","54","Other Outpatient Service (specify)", , , ,"26", , ,"54"
"Line(00693)","55","TOTAL (sum of lines 49 through 54)", , , , , , ,"55"
"Line(00695)","\"D = Worksheet D-2","Part I","line numbers\""
"Line(00725)","\"FORM CMS-2552-10 (08/2011) (INSTRUCTIONS FOR THIS WORKSHEET ARE PUBLISHED IN CMS PUB. 15-II","SECTIONS 4028.2)\""
"Line(00726)","40-580", , , , , , , ,"Rev. 2"
"Line(00911)","4090 (Cont.)", , ,"FORM CMS-2552-10", , , , , ,"08-11"
"Line(00912)","APPORTIONMENT OF COST FOR THE SERVICES OF TEACHING PHYSICIANS", , , , , ,"PROVIDER CCN:","PERIOD:","\" WORKSHEET D-5","\""
"Line(00913)", , , , , , , ,"FROM ____________","PART I"
"Line(00914)", , , , , , ,"________________","TO _______________"
"Line(00915)","Check applicable box:", ,"[ ] Hospital Staff                  [ ] Medical Staff"
"Line(00917)","PART I - REASONABLE COMPENSATION EQUIVALENT COMPUTATION"
"Line(00918)", , , , , , ,"Physician/", ,"5 Percent"
"Line(00919)","Line","Specialty", ,"Total","Professional","RCE","Professional","Unadjusted","of Unadjusted"
"Line(00920)","No.","Description/Physician Identifier", ,"Remuneration","Component","Amount","Component Hours","RCE Limit","RCE Limit"
"Line(00921)","1","2", ,"3","4","5","6","7","8"
"Line(00922)","1","General Practitioner Family Practice", , , , , , , ,"1"
"Line(00923)","2","Internal Medicine", , , , , , , ,"2"
"Line(00924)","3","Surgery", , , , , , , ,"3"
"Line(00925)","4","Pediatrics", , , , , , , ,"4"
"Line(00926)","5","Obstetrics-Gynecology", , , , , , , ,"5"
"Line(00927)","6","Radiology", , , , , , , ,"6"
"Line(00928)","7","Psychiatry", , , , , , , ,"7"
"Line(00929)","8","Anesthesiology", , , , , , , ,"8"
"Line(00930)","9","Pathology", , , , , , , ,"9"
"Line(00931)","10","All Other", , , , , , , ,"10"
"Line(00932)","11","Total", , , , , , , ,"11"
"Line(00933)","08-11", ,"FORM CMS-2552-10", , , ,"4090 (Cont.)"
"Line(00934)","APPORTIONMENT OF COST FOR THE SERVICES OF TEACHING PHYSICIANS", , ,"PROVIDER CCN:","PERIOD:","\"WORKSHEET D-5","\"", , , , , , , , , , , , , , , , , , , , , , , ,"."
"Line(00935)", , , , ,"FROM ____________","PART II"
"Line(00936)", , , ,"________________","TO _______________"
"Line(00937)","Check", ,"[ ]  Hospital","[ ] IPF"
"Line(00938)","applicable box:", ,"[ ] IRF","[ ] Subprovider (other)"
"Line(00940)","PART II - APPORTIONMENT OF COST FOR THE SERVICES OF TEACHING PHYSICIANS"
"Line(00941)", , , , ,"Medical School","Total"
"Line(00942)", , , ,"Hospital Staff","Faculty","(col 1 + col 2)"
"Line(00943)", , , ,"1","2","3"